線の重複を許せば、満点。


40 19
10 20
11 20
11 21
12 20
13 20
13 21
14 20
15 20
15 21
16 20
17 20
17 21
18 20
19 20
19 21
20 20
21 20
21 21
22 20


42
11 19 12 20 11 21 10 20
12 19 12 20 11 20 11 19
13 19 14 20 13 21 12 20
14 19 14 20 13 20 13 19
15 19 16 20 15 21 14 20
16 19 16 20 15 20 15 19
17 19 18 20 17 21 16 20
18 19 18 20 17 20 17 19
19 19 20 20 19 21 18 20
20 19 20 20 19 20 19 19
21 19 22 20 21 21 20 20
22 19 22 20 21 20 21 19
21 18 22 19 21 20 20 19
20 18 21 18 21 19 20 19
19 18 20 19 19 20 18 19
18 18 19 18 19 19 18 19
17 18 18 19 17 20 16 19
16 18 17 18 17 19 16 19
15 18 16 19 15 20 14 19
14 18 15 18 15 19 14 19
13 18 14 19 13 20 12 19
12 18 13 18 13 19 12 19
13 17 14 18 13 19 12 18
14 17 14 18 13 18 13 17
15 17 16 18 15 19 14 18
16 17 16 18 15 18 15 17
17 17 18 18 17 19 16 18
18 17 18 18 17 18 17 17
19 17 20 18 19 19 18 18
20 17 20 18 19 18 19 17
19 16 20 17 19 18 18 17
18 16 19 16 19 17 18 17
17 16 18 17 17 18 16 17
16 16 17 16 17 17 16 17
15 16 16 17 15 18 14 17
14 16 15 16 15 17 14 17
15 15 16 16 15 17 14 16
16 15 16 16 15 16 15 15
17 15 18 16 17 17 16 16
18 15 18 16 17 16 17 15
17 14 18 15 17 16 16 15
16 14 17 14 17 15 16 15
